3 (1;1) (1;3)
4 (0; 0) (0; 1) (1; 1) (1; 0)
5 (5; 5) (6; 8) (8; 8) (8; 3) (6; 3)
4 (0; 0) (0; 1) (1; 1) (1; 0)
4 not correct line 1) (1; 1) (1; 0)
8 () () () () () () () ()
3 (0; 0) (-2; 0) (0; -2)
5 (3;3) (1;3) (3;3) (1;3)
5 gladiolus 5) (0; 0) (0; 0)
4 (0; 0) (0; 5) (5; 5) (5; 0)
4 (0; 0) (0; 5) (5; 5) (5; 0)
4 (0; 0) (0; 5) (5; 5) (5; 0)
7 (0; 0) (7; 9) (9; 9) (8; 6) (6; 3) (5; 2) (1; 1)
4 (0; 0) (0; 5) (5; 5) (5; 0)
4 (0; 0) (0; 5) (5; 5) (5; 0)
3 (1; 3) (1; 1) (3; 3)
3 (1; 1) (3; 3) (1; 3)
3 (3; 3) (1; 3) (1; 1)
